0 0.02916666679084301 0.016203703358769417 0.03958333283662796 0.032407406717538834
0 0.02968749962747097 0.0555555559694767 0.03854166716337204 0.029629629105329514
0 0.03046875074505806 0.16527777910232544 0.03697916492819786 0.03055555559694767
0 0.03203124925494194 0.20462962985038757 0.04010416567325592 0.03333333507180214
0 0.03229166567325592 0.2750000059604645 0.03750000149011612 0.040740739554166794
0 0.03098958358168602 0.31388887763023376 0.04322916641831398 0.03703703731298447
0 0.03151041641831398 0.385185182094574 0.0390625 0.031481482088565826
0 0.02161458320915699 0.45185184478759766 0.03802083432674408 0.03703703731298447
0 0.03177083283662796 0.5185185074806213 0.03750000149011612 0.029629629105329514
0 0.03151041641831398 0.5944444537162781 0.03802083432674408 0.02777777798473835
0 0.03281249850988388 0.5574073791503906 0.04062499850988388 0.035185184329748154
0 0.03359375149011612 0.6277777552604675 0.03697916492819786 0.02777777798473835
0 0.03229166567325592 0.664814829826355 0.03958333283662796 0.031481482088565826
0 0.4351562559604645 0.06018518656492233 0.01614583283662796 0.06851851940155029
0 0.4559895694255829 0.0634259283542633 0.01718750037252903 0.06388889253139496
0 0.45625001192092896 0.23287037014961243 0.015625 0.05833333358168602
0 0.39765626192092896 0.23564815521240234 0.01614583283662796 0.05462963134050369
0 0.3973958194255829 0.3046296238899231 0.015625 0.06296296417713165
0 0.3776041567325592 0.30416667461395264 0.015625 0.05833333358168602
0 0.3359375 0.23564815521240234 0.01770833320915699 0.06759259104728699
0 0.47604167461395264 0.47685185074806213 0.01875000074505806 0.05740740895271301
0 0.4963541626930237 0.46574074029922485 0.01875000074505806 0.07777778059244156
0 0.7278645634651184 0.4749999940395355 0.01718750037252903 0.05925925821065903
0 0.8247395753860474 0.08888889104127884 0.04218750074505806 0.03703703731298447
0 0.8697916865348816 0.09259258955717087 0.03958333283662796 0.035185184329748154
0 0.9057291746139526 0.2439814805984497 0.01979166641831398 0.06574074178934097
0 0.8471354246139526 0.30787035822868347 0.01718750037252903 0.05833333358168602
0 0.7502604126930237 0.31296294927597046 0.01614583283662796 0.06481481343507767
0 0.788281261920929 0.47453704476356506 0.015104166232049465 0.06203703582286835
0 0.9268229007720947 0.46898147463798523 0.01614583283662796 0.06574074178934097
0 0.8453124761581421 0.47361111640930176 0.01770833320915699 0.05648148059844971
0 0.9674479365348816 0.5416666865348816 0.02031249925494194 0.06111111119389534
0 0.7677083611488342 0.5416666865348816 0.015625 0.05740740895271301
0 0.9067708253860474 0.7041666507720947 0.01875000074505806 0.06388889253139496
0 0.9260416626930237 0.7124999761581421 0.01666666753590107 0.05648148059844971
0 0.8450520634651184 0.7976852059364319 0.01927083358168602 0.06018518656492233
0 0.9044271111488342 0.8027777671813965 0.01614583283662796 0.0555555559694767
0 0.8263021111488342 0.7967592477798462 0.015104166232049465 0.05833333358168602
0 0.7260416746139526 0.8064814805984497 0.01666666753590107 0.06111111119389534
0 0.7067708373069763 0.7944444417953491 0.01354166679084301 0.051851850003004074
0 0.7458333373069763 0.8046296238899231 0.014583333395421505 0.05925925821065903
0 0.7085937261581421 0.9685184955596924 0.02031249925494194 0.06111111119389534
0 0.7875000238418579 0.9699074029922485 0.01666666753590107 0.05833333358168602
0 0.8455728888511658 0.9708333611488342 0.01718750037252903 0.05648148059844971
0 0.9263020753860474 0.9685184955596924 0.01718750037252903 0.06111111119389534
0 0.788281261920929 0.3162037134170532 0.015104166232049465 0.06388889253139496
0 0.9270833134651184 0.3097222149372101 0.014583333395421505 0.05833333358168602
0 0.4346354305744171 0.3037036955356598 0.013020833022892475 0.05370370298624039
0 0.4153645932674408 0.3055555522441864 0.01406249962747097 0.06296296417713165
0 0.5161458253860474 0.23148147761821747 0.01875000074505806 0.07037036865949631
0 0.40026041865348816 0.47592592239379883 0.01614583283662796 0.06111111119389534
0 0.6875 0.5435185432434082 0.015625 0.05740740895271301
0 0.7471354007720947 0.6981481313705444 0.01822916604578495 0.06666667014360428
0 0.9867187738418579 0.46990740299224854 0.01927083358168602 0.06018518656492233
0 0.9799479246139526 0.6384259462356567 0.0338541679084301 0.043518517166376114
