0 0.02890625037252903 0.1310185194015503 0.03802083432674408 0.03055555559694767
0 0.03098958358168602 0.16944444179534912 0.03697916492819786 0.029629629105329514
0 0.02968749962747097 0.2421296238899231 0.0416666679084301 0.032407406717538834
0 0.03229166567325592 0.31388887763023376 0.03854166716337204 0.031481482088565826
0 0.03203124925494194 0.520370364189148 0.0390625 0.035185184329748154
0 0.03177083283662796 0.5967592597007751 0.03958333283662796 0.028703704476356506
0 0.37447917461395264 0.0694444477558136 0.01770833320915699 0.06481481343507767
0 0.4346354305744171 0.0634259283542633 0.01614583283662796 0.07500000298023224
0 0.45520833134651184 0.06388889253139496 0.01770833320915699 0.06296296417713165
0 0.3359375 0.2370370328426361 0.01666666753590107 0.06666667014360428
0 0.3763020932674408 0.3037036955356598 0.01614583283662796 0.06111111119389534
0 0.3968749940395355 0.3055555522441864 0.015625 0.06481481343507767
0 0.3968749940395355 0.2370370328426361 0.014583333395421505 0.0555555559694767
0 0.41588541865348816 0.30694442987442017 0.01614583283662796 0.06574074178934097
0 0.4348958432674408 0.3046296238899231 0.01354166679084301 0.05370370298624039
0 0.45651042461395264 0.23379629850387573 0.01406249962747097 0.05833333358168602
0 0.5166666507720947 0.23240740597248077 0.01666666753590107 0.06666667014360428
0 0.36015623807907104 0.4833333194255829 0.015104166232049465 0.06111111119389534
0 0.4763020873069763 0.47777777910232544 0.01614583283662796 0.05925925821065903
0 0.49661457538604736 0.46666666865348816 0.01927083358168602 0.08148147910833359
0 0.6880208253860474 0.31018519401550293 0.014583333395421505 0.051851850003004074
0 0.7497395873069763 0.31481480598449707 0.01614583283662796 0.06296296417713165
0 0.7697916626930237 0.24074074625968933 0.01354166679084301 0.05740740895271301
0 0.8247395753860474 0.09166666865348816 0.0390625 0.031481482088565826
0 0.8700520992279053 0.0912037044763565 0.04114583507180214 0.032407406717538834
0 0.905468761920929 0.24351851642131805 0.01927083358168602 0.06296296417713165
0 0.9682291746139526 0.4712963104248047 0.01875000074505806 0.05925925821065903
0 0.9682291746139526 0.5416666865348816 0.01979166641831398 0.06111111119389534
0 0.8460937738418579 0.4731481373310089 0.01718750037252903 0.05740740895271301
0 0.7669270634651184 0.5416666865348816 0.01718750037252903 0.05740740895271301
0 0.7281249761581421 0.47453704476356506 0.01666666753590107 0.05833333358168602
0 0.7476562261581421 0.6972222328186035 0.01718750037252903 0.06296296417713165
0 0.9078124761581421 0.7060185074806213 0.01979166641831398 0.06574074178934097
0 0.9276041388511658 0.7129629850387573 0.015625 0.05740740895271301
0 0.8489583134651184 0.7032407522201538 0.01979166641831398 0.06574074178934097
0 0.8460937738418579 0.7990740537643433 0.01822916604578495 0.05925925821065903
0 0.8268229365348816 0.7972221970558167 0.01614583283662796 0.05740740895271301
0 0.9049479365348816 0.8027777671813965 0.01718750037252903 0.05370370298624039
0 0.7270833253860474 0.8060185313224792 0.01770833320915699 0.06388889253139496
0 0.7093750238418579 0.9689815044403076 0.01666666753590107 0.06018518656492233
