0 0.02942708320915699 0.015740741044282913 0.0390625 0.031481482088565826
0 0.02968749962747097 0.0555555559694767 0.03854166716337204 0.029629629105329514
0 0.02812499925494194 0.09490741044282913 0.04062499850988388 0.03055555559694767
0 0.02838541753590107 0.13240741193294525 0.04010416567325592 0.03333333507180214
0 0.03098958358168602 0.1666666716337204 0.03802083432674408 0.031481482088565826
0 0.03177083283662796 0.20462962985038757 0.04062499850988388 0.03333333507180214
0 0.03203124925494194 0.27407407760620117 0.03697916492819786 0.035185184329748154
0 0.03072916716337204 0.3134259283542633 0.04270833358168602 0.03611111268401146
0 0.03098958358168602 0.3490740656852722 0.04114583507180214 0.031481482088565826
0 0.02994791604578495 0.38425925374031067 0.04218750074505806 0.03333333507180214
0 0.0325520820915699 0.519444465637207 0.03802083432674408 0.029629629105329514
0 0.03072916716337204 0.5555555820465088 0.04374999925494194 0.035185184329748154
0 0.03229166567325592 0.5944444537162781 0.04062499850988388 0.029629629105329514
0 0.03333333507180214 0.6282407641410828 0.0364583320915699 0.026851851493120193
0 0.0325520820915699 0.664814829826355 0.04010416567325592 0.03333333507180214
0 0.3765625059604645 0.0625 0.01770833320915699 0.06574074178934097
0 0.39505207538604736 0.06481481343507767 0.015104166232049465 0.06296296417713165
0 0.4164062440395355 0.06527777761220932 0.01718750037252903 0.06388889253139496
0 0.43567708134651184 0.05879629775881767 0.01718750037252903 0.06574074178934097
0 0.4559895694255829 0.0634259283542633 0.01718750037252903 0.06574074178934097
0 0.3356770873069763 0.2361111044883728 0.01718750037252903 0.06851851940155029
0 0.3552083373069763 0.302314817905426 0.01666666753590107 0.06388889253139496
0 0.37578123807907104 0.23287037014961243 0.015104166232049465 0.05833333358168602
0 0.3773437440395355 0.3055555522441864 0.01718750037252903 0.05925925821065903
0 0.3973958194255829 0.23564815521240234 0.015625 0.05277777835726738
0 0.3973958194255829 0.30509260296821594 0.015625 0.06203703582286835
0 0.4166666567325592 0.23425926268100739 0.014583333395421505 0.06481481343507767
0 0.4156250059604645 0.3055555522441864 0.01354166679084301 0.06296296417713165
0 0.43697917461395264 0.23935185372829437 0.014583333395421505 0.06203703582286835
0 0.4346354305744171 0.3046296238899231 0.01406249962747097 0.0555555559694767
0 0.45755207538604736 0.31296294927597046 0.01406249962747097 0.05740740895271301
0 0.45625001192092896 0.23287037014961243 0.014583333395421505 0.05833333358168602
0 0.4755208194255829 0.23333333432674408 0.012500000186264515 0.05925925821065903
0 0.4763020873069763 0.3087962865829468 0.01406249962747097 0.06203703582286835
0 0.4976562559604645 0.31296294927597046 0.015104166232049465 0.06296296417713165
0 0.49609375 0.2240740805864334 0.01614583283662796 0.07407407462596893
0 0.516406238079071 0.23148147761821747 0.01927083358168602 0.07037036865949631
0 0.5174478888511658 0.2995370328426361 0.01614583283662796 0.06203703582286835
0 0.36015623807907104 0.48240742087364197 0.015104166232049465 0.05925925821065903
0 0.3830729126930237 0.47962963581085205 0.015104166232049465 0.05740740895271301
0 0.40026041865348816 0.4763889014720917 0.01614583283662796 0.06018518656492233
0 0.4208333194255829 0.4749999940395355 0.014583333395421505 0.046296294778585434
0 0.4755208194255829 0.4763889014720917 0.01875000074505806 0.05833333358168602
0 0.49661457538604736 0.4662036895751953 0.02031249925494194 0.07870370149612427
0 0.5166666507720947 0.47361111640930176 0.01770833320915699 0.06018518656492233
0 0.5367187261581421 0.47685185074806213 0.01614583283662796 0.05925925821065903
0 0.7419270873069763 0.07685185223817825 0.0338541679084301 0.051851850003004074
0 0.824999988079071 0.08935185521841049 0.0416666679084301 0.03611111268401146
0 0.8692708611488342 0.09166666865348816 0.03958333283662796 0.03333333507180214
0 0.7013021111488342 0.20509259402751923 0.02656250074505806 0.06018518656492233
0 0.721875011920929 0.22453702986240387 0.02291666716337204 0.06574074178934097
0 0.770312488079071 0.23842592537403107 0.01354166679084301 0.05648148059844971
0 0.7888020873069763 0.2439814805984497 0.01718750037252903 0.06574074178934097
0 0.8080729246139526 0.24583333730697632 0.01614583283662796 0.06018518656492233
0 0.8291666507720947 0.24351851642131805 0.01666666753590107 0.06111111119389534
0 0.8481770753860474 0.24074074625968933 0.01614583283662796 0.06111111119389534
0 0.867968738079071 0.23981481790542603 0.01614583283662796 0.06296296417713165
0 0.885937511920929 0.24675926566123962 0.01770833320915699 0.06388889253139496
0 0.9057291746139526 0.24351851642131805 0.01979166641831398 0.06481481343507767
0 0.9281250238418579 0.24166665971279144 0.01875000074505806 0.05925925821065903
0 0.7093750238418579 0.31111112236976624 0.014583333395421505 0.06296296417713165
0 0.6877604126930237 0.31111112236976624 0.015104166232049465 0.05000000074505806
0 0.7281249761581421 0.30324074625968933 0.015625 0.05833333358168602
0 0.7497395873069763 0.31296294927597046 0.01614583283662796 0.06481481343507767
0 0.7684895992279053 0.31203705072402954 0.015104166232049465 0.06111111119389534
0 0.7885416746139526 0.3166666626930237 0.014583333395421505 0.06481481343507767
0 0.8072916865348816 0.3152777850627899 0.01770833320915699 0.06388889253139496
0 0.8278645873069763 0.31203705072402954 0.01718750037252903 0.06111111119389534
0 0.8479166626930237 0.30694442987442017 0.01666666753590107 0.05833333358168602
0 0.867968738079071 0.307407408952713 0.01406249962747097 0.06296296417713165
0 0.8869791626930237 0.3162037134170532 0.01770833320915699 0.06388889253139496
0 0.9072916507720947 0.31203705072402954 0.01666666753590107 0.06111111119389534
0 0.926562488079071 0.3097222149372101 0.015625 0.06018518656492233
0 0.9619791507720947 0.3115740716457367 0.01770833320915699 0.0694444477558136
0 0.6875 0.47592592239379883 0.015625 0.06111111119389534
0 0.6877604126930237 0.5439814925193787 0.015104166232049465 0.05833333358168602
0 0.7083333134651184 0.4763889014720917 0.01666666753590107 0.06018518656492233
0 0.7072916626930237 0.5435185432434082 0.014583333395421505 0.06296296417713165
0 0.7278645634651184 0.4749999940395355 0.01718750037252903 0.05925925821065903
0 0.7364583611488342 0.5449073910713196 0.03125 0.06018518656492233
0 0.749218761920929 0.4722222089767456 0.01614583283662796 0.06111111119389534
0 0.7481771111488342 0.5439814925193787 0.01718750037252903 0.06388889253139496
0 0.7682291865348816 0.4731481373310089 0.01666666753590107 0.06481481343507767
0 0.7679687738418579 0.5412036776542664 0.01614583283662796 0.05833333358168602
0 0.788281261920929 0.47453704476356506 0.01614583283662796 0.06203703582286835
0 0.7872396111488342 0.5412036776542664 0.015104166232049465 0.05833333358168602
0 0.807812511920929 0.5425925850868225 0.01770833320915699 0.06296296417713165
0 0.8065103888511658 0.4731481373310089 0.01614583283662796 0.06111111119389534
0 0.8268229365348816 0.47175925970077515 0.01822916604578495 0.06203703582286835
0 0.827343761920929 0.5402777791023254 0.01718750037252903 0.06388889253139496
0 0.848437488079071 0.5412036776542664 0.015625 0.05833333358168602
0 0.8453124761581421 0.47361111640930176 0.01770833320915699 0.05648148059844971
0 0.8656250238418579 0.47453704476356506 0.015625 0.05648148059844971
0 0.8682291507720947 0.5388888716697693 0.015625 0.05925925821065903
0 0.8872395753860474 0.5393518805503845 0.01614583283662796 0.05277777835726738
0 0.885937511920929 0.4773148000240326 0.01770833320915699 0.06388889253139496
0 0.9268229007720947 0.4703703820705414 0.01718750037252903 0.06851851940155029
0 0.9278646111488342 0.5407407283782959 0.015104166232049465 0.06296296417713165
0 0.9458333253860474 0.5365740656852722 0.01770833320915699 0.05648148059844971
0 0.9674479365348816 0.5416666865348816 0.02031249925494194 0.06111111119389534
0 0.9903646111488342 0.5458333492279053 0.01822916604578495 0.08055555820465088
0 0.9867187738418579 0.4703703820705414 0.01927083358168602 0.06111111119389534
0 0.7283853888511658 0.7083333134651184 0.01614583283662796 0.0555555559694767
0 0.746874988079071 0.697685182094574 0.01770833320915699 0.06388889253139496
0 0.7671874761581421 0.6967592835426331 0.01770833320915699 0.0694444477558136
0 0.788281261920929 0.7037037014961243 0.01614583283662796 0.06111111119389534
0 0.8067708611488342 0.7027778029441833 0.01770833320915699 0.05925925821065903
0 0.8263021111488342 0.6990740895271301 0.01718750037252903 0.06481481343507767
0 0.8473958373069763 0.7055555582046509 0.01979166641831398 0.06111111119389534
0 0.8661458492279053 0.7115740776062012 0.01770833320915699 0.06203703582286835
0 0.8880208134651184 0.7046296000480652 0.01770833320915699 0.06481481343507767
0 0.9067708253860474 0.7060185074806213 0.01979166641831398 0.06574074178934097
0 0.9263020753860474 0.7129629850387573 0.01614583283662796 0.05740740895271301
0 0.94921875 0.7074074149131775 0.01718750037252903 0.06296296417713165
0 0.9666666388511658 0.706944465637207 0.01770833320915699 0.06018518656492233
0 0.9864583611488342 0.7097222208976746 0.01770833320915699 0.06388889253139496
0 0.70703125 0.7958333492279053 0.01197916641831398 0.05092592537403107
0 0.7260416746139526 0.8064814805984497 0.01770833320915699 0.06111111119389534
0 0.7455729246139526 0.8046296238899231 0.015104166232049465 0.05925925821065903
0 0.765625 0.8083333373069763 0.01875000074505806 0.06481481343507767
0 0.78515625 0.8050925731658936 0.01614583283662796 0.06574074178934097
0 0.807812511920929 0.8013888597488403 0.01666666753590107 0.05833333358168602
0 0.8263021111488342 0.7962962985038757 0.015104166232049465 0.05740740895271301
0 0.8450520634651184 0.7976852059364319 0.01927083358168602 0.06018518656492233
0 0.8653646111488342 0.7986111044883728 0.01718750037252903 0.06018518656492233
0 0.885937511920929 0.7981481552124023 0.01770833320915699 0.06296296417713165
0 0.9041666388511658 0.8032407164573669 0.01666666753590107 0.05648148059844971
0 0.9244791865348816 0.8018518686294556 0.01875000074505806 0.06111111119389534
0 0.9450520873069763 0.800000011920929 0.015104166232049465 0.06111111119389534
0 0.9651041626930237 0.8018518686294556 0.01875000074505806 0.06296296417713165
0 0.9830729365348816 0.8092592358589172 0.01927083358168602 0.06296296417713165
0 0.6877604126930237 0.967129647731781 0.01718750037252903 0.06388889253139496
0 0.7080729007720947 0.9685184955596924 0.01822916604578495 0.06111111119389534
0 0.7286458611488342 0.9680555462837219 0.01666666753590107 0.06203703582286835
0 0.7679687738418579 0.9680555462837219 0.01822916604578495 0.06203703582286835
0 0.7872396111488342 0.9699074029922485 0.01718750037252903 0.05833333358168602
0 0.8088541626930237 0.967129647731781 0.01770833320915699 0.06388889253139496
0 0.8278645873069763 0.9680555462837219 0.01718750037252903 0.06203703582286835
0 0.8463541865348816 0.9708333611488342 0.014583333395421505 0.05648148059844971
0 0.8838541507720947 0.9657407402992249 0.02083333395421505 0.06666667014360428
0 0.9046875238418579 0.9685184955596924 0.01770833320915699 0.06111111119389534
0 0.926562488079071 0.9685184955596924 0.01666666753590107 0.06111111119389534
0 0.9424479007720947 0.967129647731781 0.01614583283662796 0.06388889253139496
0 0.9624999761581421 0.9675925970077515 0.01770833320915699 0.06296296417713165
0 0.983593761920929 0.9666666388511658 0.01927083358168602 0.06481481343507767
